3
5
11
131
313
94349
1123211
1212121
1360631
1422241
3075703
3293923
3400043
3447443
9711179
9852589
100161001
101171101
108505801
109111901
13929592931
14125852141
14209390241
14895559841
14986568941
15911711951
16172327161
16257475261
16727672761
17186468171
17271417271
17633933671
18010901081
18678287681
18768886781
19265156291
19524142591
19713831791
19797279791
30559995503
31044844013
31245554213
31514441513
32359295323
32858485823
32954345923
72548784527
72640904627
72843834827
73145754137
73226062237
73450005437
73925952937
74737273747
74845354847
75923632957
76895059867
77164246177
77362026377
77459695477
77663336677
78067676087
78536663587
78842724887
79482728497
79787778797
90302120309
90417871409
90977077909
91502420519
1242787872421
1246118116421
1247175717421
1254896984521
1261534351621
1264868684621
1271009001721
1274355534721
1276512156721
1280977790821
1285229225821
1292637362921
1301892981031
1310642460131
1313708073131
1321008001231
1322233322231
1327400047231
1332950592331
1335970795331
1337110117331
1343052503431
1346288826431
1349821289431
1466906096641
1470319130741
1492789872941
1493849483941
1499058509941
1502552552051
1505585855051
1508468648051
1510564650151
1511600061151
1523240423251
1526285826251
1528720278251
1531856581351
1537908097351
1540182810451
1543516153451
1549000009451
1552308032551
